12676.000000 1.000000 1.000000 2283.000000 10393.000000
9703.000000 1.000000 2.000000 1651.000000 8052.000000
9162.000000 1.000000 3.000000 1597.000000 7565.000000
16545.000000 1.000000 4.000000 2925.000000 13620.000000
13759.000000 1.000000 5.000000 2402.000000 11357.000000
24756.000000 2.000000 1.000000 3221.000000 21535.000000
13937.000000 2.000000 2.000000 2262.000000 11675.000000
17744.000000 2.000000 3.000000 3116.000000 14628.000000
17520.000000 2.000000 4.000000 3082.000000 14438.000000
18016.000000 2.000000 5.000000 3105.000000 14911.000000
26578.000000 3.000000 1.000000 3225.000000 23353.000000
17188.000000 3.000000 2.000000 2988.000000 14200.000000
19228.000000 3.000000 3.000000 3342.000000 15886.000000
18839.000000 3.000000 4.000000 3246.000000 15593.000000
17188.000000 3.000000 5.000000 3007.000000 14181.000000
18888.000000 4.000000 1.000000 3300.000000 15588.000000
16929.000000 4.000000 2.000000 2963.000000 13966.000000
33761.000000 4.000000 3.000000 2942.000000 30819.000000
18934.000000 4.000000 4.000000 3290.000000 15644.000000
19121.000000 4.000000 5.000000 3287.000000 15834.000000
20101.000000 5.000000 1.000000 3499.000000 16602.000000
19375.000000 5.000000 2.000000 3376.000000 15999.000000
18993.000000 5.000000 3.000000 3329.000000 15664.000000
19146.000000 5.000000 4.000000 3394.000000 15752.000000
19154.000000 5.000000 5.000000 3389.000000 15765.000000
